ir:
设置lora参数：  
发：68 99 99 99 99 99 99 99 68  01 10  90 04    04 00 6c 80 12  0b 02 07 00 02 01 07 03 02     c9 16 
收：
抄读lora参数：
发：68 99 99 99 99 99 99 99 68  00  02  90 24   b5 16
收：
网关射频模块配置完成需要重启



app:
读取报警参数                             nodeId  ctl
68 3E 96 B6 10 91 2C E4 A1 00 07         00 02    00  02 90 21 B5                                                                  05 B5 16 
68 3E 96 B6 10 91 2C E4 A1 00 1C         00 02    80  17 90 21 00 00 00 00 00 00 00 00 00 00 00 00 00 00 00 00 00 00 00 00 00 4A   05 F4 16 


读测量信息                               nodeId   ctl
68 3E 96 B6 10 91 2C E4 A1 00 07         00 02    00  02 90 1F B3                                                                  05 B1 16 
68 3E 96 B6 10 91 2C E4 A1 00 14         00 02    80  0F 90 1F 00 00 00 00 00 00 00 00 00 FF 06 2B 7A EA                           08 2C 16

设置系统时间
68 3E 96 B6 10 91 2C E4 A1 00 0D         00 02    01  08 90 04 20 03 04 12 14 16 02                                               05 55 16 
68 3E 96 B6 10 91 2C E4 A1 00 07         00 02    81  02 90 04 19                                                                 05 7D 16

设置报警参数

68 3E 96 B6 10 91 2C E4 A1 00 1C         00 02    01  17 90 01 00 00 33 33 00 00 22 22 00 00 11 11 00 00 55 55 00 55 23 22 19 D4  08 08 16
68 3E 96 B6 10 91 2C E4 A1 00 07         00 02    81  02 90 01 16                                                                 05 77 16 

